date,time,abbreviation_canton_and_fl,ncumul_tested,ncumul_conf,new_hosp,current_hosp,current_icu,current_vent,ncumul_released,ncumul_deceased,source,current_isolated,current_quarantined,current_quarantined_riskareatravel,current_quarantined_total
2020-02-28,,VS,,1,1,6,0,0,0,0,https://www.vs.ch/de/web/coronavirus,,,,
2020-02-29,,VS,,1,0,6,0,0,0,0,https://www.vs.ch/de/web/coronavirus,,,,
2020-03-01,,VS,,2,1,7,0,0,0,0,https://www.vs.ch/de/web/coronavirus,,,,
2020-03-02,,VS,,3,1,10,0,0,0,0,https://www.vs.ch/de/web/coronavirus,,,,
2020-03-03,,VS,,3,0,12,0,0,0,0,https://www.vs.ch/de/web/coronavirus,,,,
2020-03-04,,VS,,4,1,13,0,0,0,0,https://www.vs.ch/de/web/coronavirus,,,,
2020-03-05,,VS,,5,1,11,0,0,2,0,https://www.vs.ch/de/web/coronavirus,,,,
2020-03-06,,VS,,6,1,12,0,0,2,0,https://www.vs.ch/de/web/coronavirus,,,,
2020-03-07,,VS,,7,1,12,0,0,2,0,https://www.vs.ch/de/web/coronavirus,,,,
2020-03-08,,VS,,12,5,16,1,1,2,0,https://www.vs.ch/de/web/coronavirus,,,,
2020-03-09,,VS,,17,5,17,1,1,2,0,https://www.vs.ch/de/web/coronavirus,,,,
2020-03-10,,VS,,22,5,20,1,1,2,0,https://www.vs.ch/de/web/coronavirus,,,,
2020-03-11,,VS,,30,8,21,1,1,3,0,https://www.vs.ch/de/web/coronavirus,,,,
2020-03-12,,VS,,53,23,28,1,1,3,0,https://www.vs.ch/de/web/coronavirus,,,,
2020-03-13,,VS,,76,23,30,1,1,5,1,https://www.vs.ch/de/web/coronavirus,,,,
2020-03-14,,VS,,98,22,34,1,1,6,1,https://www.vs.ch/de/web/coronavirus,,,,
2020-03-15,,VS,,115,17,36,1,1,6,2,https://www.vs.ch/de/web/coronavirus,,,,
2020-03-16,,VS,,172,57,42,2,1,8,3,https://www.vs.ch/de/web/coronavirus,,,,
2020-03-17,,VS,,225,53,47,2,2,11,3,https://www.vs.ch/de/web/coronavirus,,,,
2020-03-18,,VS,,312,87,59,2,2,11,4,https://www.vs.ch/de/web/coronavirus,,,,
2020-03-19,,VS,,349,37,64,5,5,12,6,https://www.vs.ch/de/web/coronavirus,,,,
2020-03-20,,VS,,436,87,73,6,5,15,7,https://www.vs.ch/de/web/coronavirus,,,,
2020-03-21,,VS,,498,62,83,8,6,17,10,https://www.vs.ch/de/web/coronavirus,,,,
2020-03-22,,VS,,535,37,92,11,7,19,11,https://www.vs.ch/de/web/coronavirus,,,,
2020-03-23,,VS,,628,93,104,12,9,24,13,https://www.vs.ch/de/web/coronavirus,,,,
2020-03-24,,VS,,728,100,118,13,12,25,14,https://www.vs.ch/de/web/coronavirus,,,,
2020-03-25,,VS,,793,65,119,15,14,35,15,https://www.vs.ch/de/web/coronavirus,,,,
2020-03-26,,VS,,874,81,129,19,17,41,17,https://www.vs.ch/de/web/coronavirus,,,,
2020-03-27,,VS,,968,94,138,20,16,50,21,https://www.vs.ch/de/web/coronavirus,,,,
2020-03-28,,VS,,1017,49,143,21,19,53,25,https://www.vs.ch/de/web/coronavirus,,,,
2020-03-29,,VS,,1055,38,153,22,21,54,31,https://www.vs.ch/de/web/coronavirus,,,,
2020-03-30,,VS,,1144,89,154,25,23,71,35,https://www.vs.ch/de/web/coronavirus,,,,
2020-03-31,,VS,,1211,67,153,24,23,81,37,https://www.vs.ch/de/web/coronavirus,,,,
2020-04-01,,VS,,1282,71,147,26,25,96,40,https://www.vs.ch/de/web/coronavirus,,,,
2020-04-02,,VS,,1334,52,147,28,24,104,47,https://www.vs.ch/de/web/coronavirus,,,,
2020-04-03,,VS,,1385,51,147,26,23,109,51,https://www.vs.ch/de/web/coronavirus,,,,
2020-04-04,,VS,,1418,33,150,28,23,112,53,https://www.vs.ch/de/web/coronavirus,,,,
2020-04-05,,VS,,1433,15,147,26,23,115,57,https://www.vs.ch/de/web/coronavirus,,,,
2020-04-06,,VS,,1499,66,134,26,22,134,60,https://www.vs.ch/de/web/coronavirus,,,,
2020-04-07,,VS,,1538,39,130,25,20,143,68,https://www.vs.ch/de/web/coronavirus,,,,
2020-04-08,,VS,,1573,35,123,26,20,152,71,https://www.vs.ch/de/web/coronavirus,,,,
2020-04-09,,VS,,1602,29,118,24,19,160,77,https://www.vs.ch/de/web/coronavirus,,,,
2020-04-10,,VS,,1631,29,116,24,18,166,83,https://www.vs.ch/de/web/coronavirus,,,,
2020-04-11,,VS,,1657,26,113,20,15,169,85,https://www.vs.ch/de/web/coronavirus,,,,
2020-04-12,,VS,,1670,13,111,22,14,173,91,https://www.vs.ch/de/web/coronavirus,,,,
2020-04-13,,VS,,1684,14,107,21,12,176,93,https://www.vs.ch/de/web/coronavirus,,,,
2020-04-14,,VS,,1711,27,100,20,11,187,94,https://www.vs.ch/de/web/coronavirus,,,,
2020-04-15,,VS,,1727,16,94,20,12,195,94,https://www.vs.ch/de/web/coronavirus,,,,
2020-04-16,,VS,,1744,17,92,17,12,198,95,https://www.vs.ch/de/web/coronavirus,,,,
2020-04-17,,VS,,1764,20,85,16,10,204,99,https://www.vs.ch/de/web/coronavirus,,,,
2020-04-18,,VS,,1773,9,84,18,10,204,104,https://www.vs.ch/de/web/coronavirus,,,,
2020-04-19,,VS,,1780,7,82,16,9,205,107,https://www.vs.ch/de/web/coronavirus,,,,
2020-04-20,,VS,,1797,17,78,15,9,211,110,https://www.vs.ch/de/web/coronavirus,,,,
2020-04-21,,VS,,1804,7,74,14,10,213,115,https://www.vs.ch/de/web/coronavirus,,,,
2020-04-22,,VS,,1810,6,75,13,10,216,118,https://www.vs.ch/de/web/coronavirus,,,,
2020-04-23,,VS,,1826,16,71,13,9,219,123,https://www.vs.ch/de/web/coronavirus,,,,
2020-04-24,,VS,,1835,9,68,14,9,223,127,https://www.vs.ch/de/web/coronavirus,8,6,,
2020-04-25,,VS,,1840,5,70,14,9,224,129,https://www.vs.ch/de/web/coronavirus,14,16,,
2020-04-26,,VS,,1842,2,72,15,8,224,131,https://www.vs.ch/de/web/coronavirus,16,22,,
2020-04-27,,VS,,1857,15,63,14,9,232,132,https://www.vs.ch/de/web/coronavirus,29,30,,
2020-04-28,,VS,,1868,11,59,13,8,236,135,https://www.vs.ch/de/web/coronavirus,39,34,,
2020-04-29,,VS,,1880,12,58,11,8,238,136,https://www.vs.ch/de/web/coronavirus,52,51,,
2020-04-30,,VS,,1887,7,58,10,8,239,138,https://www.vs.ch/de/web/coronavirus,58,60,,
2020-05-01,,VS,,1892,5,56,10,8,241,138,https://www.vs.ch/de/web/coronavirus,63,68,,
2020-05-02,,VS,,1895,3,56,10,8,241,140,https://www.vs.ch/de/web/coronavirus,66,75,,
2020-05-03,,VS,,1897,2,57,10,8,241,142,https://www.vs.ch/de/web/coronavirus,67,73,,
2020-05-04,,VS,,1905,8,52,10,7,246,142,https://www.vs.ch/de/web/coronavirus,73,74,,
2020-05-05,,VS,,1907,2,48,8,6,248,146,https://www.vs.ch/de/web/coronavirus,72,63,,
2020-05-06,,VS,,1910,3,45,8,5,251,146,https://www.vs.ch/de/web/coronavirus,70,59,,
2020-05-07,,VS,,1912,2,40,8,5,256,146,https://www.vs.ch/de/web/coronavirus,67,53,,
2020-05-08,,VS,,1915,3,38,9,5,258,148,https://www.vs.ch/de/web/coronavirus,65,58,,
2020-05-09,,VS,,1916,1,37,10,7,259,148,https://www.vs.ch/de/web/coronavirus,55,39,,
2020-05-10,,VS,,1917,1,38,10,7,259,148,https://www.vs.ch/de/web/coronavirus,48,28,,
2020-05-11,,VS,,1921,4,38,10,7,259,150,https://www.vs.ch/de/web/coronavirus,43,26,,
2020-05-12,,VS,,1921,0,34,8,7,263,150,https://www.vs.ch/de/web/coronavirus,33,20,,
2020-05-13,,VS,,1922,1,31,8,5,266,150,https://www.vs.ch/de/web/coronavirus,29,17,,
2020-05-14,,VS,,1924,2,29,8,5,268,150,https://www.vs.ch/de/web/coronavirus,28,17,,
2020-05-15,,VS,,1933,9,26,8,4,271,150,https://www.vs.ch/de/web/coronavirus,33,34,,
2020-05-16,,VS,,1936,3,26,8,4,271,150,https://www.vs.ch/de/web/coronavirus,34,39,,
2020-05-17,,VS,,1936,0,26,8,4,271,150,https://www.vs.ch/de/web/coronavirus,30,77,,
2020-05-18,,VS,,1937,1,24,7,3,273,152,https://www.vs.ch/de/web/coronavirus,27,73,,
2020-05-19,,VS,,1938,1,22,7,3,275,152,https://www.vs.ch/de/web/coronavirus,23,78,,
2020-05-20,,VS,,1938,0,20,6,3,277,152,https://www.vs.ch/de/web/coronavirus,23,78,,
2020-05-21,,VS,,1939,1,20,6,3,277,152,https://www.vs.ch/de/web/coronavirus,24,86,,
2020-05-22,,VS,,1939,0,19,5,2,278,152,https://www.vs.ch/de/web/coronavirus,25,81,,
2020-05-23,,VS,,1939,0,19,5,2,278,152,https://www.vs.ch/de/web/coronavirus,24,80,,
2020-05-24,,VS,,1940,1,19,5,2,278,152,https://www.vs.ch/de/web/coronavirus,21,80,,
2020-05-25,,VS,,1942,2,18,5,2,279,152,https://www.vs.ch/de/web/coronavirus,16,59,,
2020-05-26,,VS,,1945,3,17,4,2,280,152,https://www.vs.ch/de/web/coronavirus,12,43,,
2020-05-27,,VS,,1946,1,16,4,2,281,152,https://www.vs.ch/de/web/coronavirus,10,28,,
2020-05-28,,VS,,1947,1,16,4,2,282,152,https://www.vs.ch/de/web/coronavirus,9,36,,
2020-05-29,,VS,,1947,0,15,4,2,283,152,https://www.vs.ch/de/web/coronavirus,7,31,,
2020-05-30,,VS,,1947,0,14,4,2,284,152,https://www.vs.ch/de/web/coronavirus,7,32,,
2020-05-31,,VS,,1949,2,15,5,2,285,152,https://www.vs.ch/de/web/coronavirus,8,35,,
2020-06-01,,VS,,1950,1,15,3,2,286,152,https://www.vs.ch/de/web/coronavirus,9,39,,
2020-06-02,,VS,,1951,1,15,3,2,286,152,https://www.vs.ch/de/web/coronavirus,10,45,,
2020-06-03,,VS,,1951,0,14,3,2,287,152,https://www.vs.ch/de/web/coronavirus,9,47,,
2020-06-04,,VS,,1953,2,15,3,2,287,152,https://www.vs.ch/de/web/coronavirus,10,52,,
2020-06-05,,VS,,1956,3,15,3,2,287,152,https://www.vs.ch/de/web/coronavirus,12,69,,
2020-06-06,,VS,,1956,0,15,3,2,287,152,https://www.vs.ch/de/web/coronavirus,10,65,,
2020-06-07,,VS,,1959,3,15,3,2,287,152,https://www.vs.ch/de/web/coronavirus,12,81,,
2020-06-08,,VS,,1964,5,15,3,2,287,152,https://www.vs.ch/de/web/coronavirus,17,94,,
2020-06-09,,VS,,1965,1,15,3,2,287,152,https://www.vs.ch/de/web/coronavirus,19,97,,
2020-06-10,,VS,,1969,4,14,3,2,288,152,https://www.vs.ch/de/web/coronavirus,21,107,,
2020-06-11,,VS,,1973,4,14,3,1,288,152,https://www.vs.ch/de/web/coronavirus,26,107,,
2020-06-12,,VS,,1977,4,14,3,0,288,153,https://www.vs.ch/de/web/coronavirus,31,123,,
2020-06-13,,VS,,1977,0,12,2,0,290,153,https://www.vs.ch/de/web/coronavirus,29,114,,
2020-06-14,,VS,,1977,0,12,2,0,290,153,https://www.vs.ch/de/web/coronavirus,29,122,,
2020-06-15,,VS,,1981,4,12,2,0,290,153,https://www.vs.ch/de/web/coronavirus,30,115,,
2020-06-16,,VS,,1986,5,11,2,0,291,153,https://www.vs.ch/de/web/coronavirus,36,123,,
2020-06-17,,VS,,1988,2,12,1,0,291,153,https://www.vs.ch/de/web/coronavirus,36,113,,
2020-06-18,,VS,,1989,1,11,1,0,292,153,https://www.vs.ch/de/web/coronavirus,33,116,,
2020-06-19,,VS,,1997,8,11,1,0,293,153,https://www.vs.ch/de/web/coronavirus,38,152,,
2020-06-20,,VS,,2001,4,12,1,0,293,153,https://www.vs.ch/de/web/coronavirus,44,167,,
2020-06-21,,VS,,2002,1,13,1,0,293,153,https://www.vs.ch/de/web/coronavirus,42,179,,
2020-06-22,,VS,,2007,5,12,1,0,294,153,https://www.vs.ch/de/web/coronavirus,42,161,,
2020-06-23,,VS,,2014,7,12,1,0,294,153,https://www.vs.ch/de/web/coronavirus,49,161,,
2020-06-24,,VS,,2024,10,12,1,0,295,153,https://www.vs.ch/de/web/coronavirus,54,156,,
2020-06-25,,VS,,2031,7,10,1,0,297,153,https://www.vs.ch/de/web/coronavirus,58,164,,
2020-06-26,,VS,,2041,10,10,1,0,297,153,https://www.vs.ch/de/web/coronavirus,60,171,,
2020-06-27,,VS,,2045,4,9,1,0,298,153,https://www.vs.ch/de/web/coronavirus,60,164,,
2020-06-28,,VS,,2046,1,9,1,0,298,153,https://www.vs.ch/de/web/coronavirus,62,158,,
2020-06-29,,VS,,2054,8,8,2,0,299,153,https://www.vs.ch/de/web/coronavirus,62,126,,
2020-06-30,,VS,,2058,4,9,2,0,299,153,https://www.vs.ch/de/web/coronavirus,62,123,,
2020-07-01,,VS,,2061,3,8,2,0,300,153,https://www.vs.ch/de/web/coronavirus,59,120,,
2020-07-02,,VS,,2064,3,9,1,0,300,153,https://www.vs.ch/de/web/coronavirus,58,129,,
2020-07-03,,VS,,2069,5,9,1,0,301,153,https://www.vs.ch/de/web/coronavirus,51,128,,
2020-07-04,,VS,,2071,2,8,2,0,302,153,https://www.vs.ch/de/web/coronavirus,48,124,,
2020-07-05,,VS,,2073,2,8,2,0,302,153,https://www.vs.ch/de/web/coronavirus,42,118,,
2020-07-06,,VS,,2076,3,9,1,0,302,153,https://www.vs.ch/de/web/coronavirus,39,109,8,
2020-07-07,,VS,,2079,3,7,1,0,305,153,https://www.vs.ch/de/web/coronavirus,33,92,16,
2020-07-08,,VS,,2079,0,7,1,0,305,153,https://www.vs.ch/de/web/coronavirus,31,83,23,
2020-07-09,,VS,,2081,2,8,1,0,305,153,https://www.vs.ch/de/web/coronavirus,31,74,42,
2020-07-10,,VS,,2084,3,7,2,0,307,153,https://www.vs.ch/de/web/coronavirus,34,70,54,
2020-07-11,,VS,,2089,5,7,2,0,307,153,https://www.vs.ch/de/web/coronavirus,31,52,59,
2020-07-12,,VS,,2092,3,7,2,0,307,153,https://www.vs.ch/de/web/coronavirus,31,74,75,
2020-07-13,,VS,,2095,3,6,2,0,308,153,https://www.vs.ch/de/web/coronavirus,33,79,78,
2020-07-14,,VS,,2100,5,6,1,0,308,153,https://www.vs.ch/de/web/coronavirus,31,82,86,
2020-07-15,,VS,,2102,2,6,1,0,308,153,https://www.vs.ch/de/web/coronavirus,29,84,114,
2020-07-16,,VS,,2103,1,6,1,0,308,153,https://www.vs.ch/de/web/coronavirus,29,81,147,
2020-07-17,,VS,,2105,2,6,2,1,310,153,https://www.vs.ch/de/web/coronavirus,29,82,165,
2020-07-18,,VS,,2105,0,5,2,1,311,153,https://www.vs.ch/de/web/coronavirus,27,81,194,
2020-07-19,,VS,,2106,1,5,2,1,311,153,https://www.vs.ch/de/web/coronavirus,24,79,196,
2020-07-20,,VS,,2109,3,5,2,1,311,153,https://www.vs.ch/de/web/coronavirus,22,62,198,
2020-07-21,,VS,,2111,2,5,1,1,311,153,https://www.vs.ch/de/web/coronavirus,22,65,206,
2020-07-22,,VS,,2114,3,5,1,1,311,153,https://www.vs.ch/de/web/coronavirus,21,47,214,
2020-07-23,,VS,,2116,2,5,1,1,311,153,https://www.vs.ch/de/web/coronavirus,18,49,235,
2020-07-24,,VS,,2119,3,6,1,1,311,153,https://www.vs.ch/de/web/coronavirus,19,56,255,
2020-07-25,,VS,,2119,0,5,1,1,312,153,https://www.vs.ch/de/web/coronavirus,19,55,253,
2020-07-26,,VS,,2119,0,5,1,1,312,153,https://www.vs.ch/de/web/coronavirus,19,51,268,
2020-07-27,,VS,,2122,3,5,1,1,312,153,https://www.vs.ch/de/web/coronavirus,19,54,265,
2020-07-28,,VS,,2127,5,5,1,1,313,153,https://www.vs.ch/de/web/coronavirus,23,58,240,
2020-07-29,,VS,,2136,9,5,1,1,313,153,https://www.vs.ch/de/web/coronavirus,34,86,260,
2020-07-30,,VS,,2145,9,5,1,1,313,153,https://www.vs.ch/de/web/coronavirus,38,138,277,
2020-07-31,,VS,,2148,3,4,1,1,314,153,https://www.vs.ch/de/web/coronavirus,35,155,310,
2020-08-01,,VS,,2151,3,4,1,1,314,153,https://www.vs.ch/de/web/coronavirus,37,149,318,
2020-08-02,,VS,,2152,1,4,1,1,314,153,https://www.vs.ch/de/web/coronavirus,37,163,347,
2020-08-03,,VS,,2155,3,4,1,1,314,153,https://www.vs.ch/de/web/coronavirus,38,168,347,
2020-08-04,,VS,,2163,8,4,1,1,314,153,https://www.vs.ch/de/web/coronavirus,42,158,360,
2020-08-05,,VS,,2167,4,4,1,1,314,153,https://www.vs.ch/de/web/coronavirus,41,156,372,
2020-08-06,,VS,,2173,6,4,1,1,314,153,https://www.vs.ch/de/web/coronavirus,44,169,426,
2020-08-07,,VS,,2180,7,4,1,1,314,153,https://www.vs.ch/de/web/coronavirus,49,184,443,
2020-08-08,,VS,,2184,4,4,1,1,314,153,https://www.vs.ch/de/web/coronavirus,46,178,466,
2020-08-09,,VS,,2187,3,4,1,1,314,153,https://www.vs.ch/de/web/coronavirus,42,166,494,
2020-08-10,,VS,,2199,12,4,1,1,314,153,https://www.vs.ch/de/web/coronavirus,51,193,487,
2020-08-11,,VS,,2207,8,5,1,1,314,153,https://www.vs.ch/de/web/coronavirus,53,192,490,
2020-08-12,,VS,,2215,8,6,1,1,314,153,https://www.vs.ch/de/web/coronavirus,59,208,463,
2020-08-13,,VS,,2222,7,6,1,1,314,153,https://www.vs.ch/de/web/coronavirus,60,215,494,
2020-08-14,,VS,,2230,8,6,1,1,314,154,https://www.vs.ch/de/web/coronavirus,64,230,522,
2020-08-15,,VS,,2236,6,6,1,1,314,154,https://www.vs.ch/de/web/coronavirus,59,220,520,
2020-08-16,,VS,,2241,5,6,1,1,314,154,https://www.vs.ch/de/web/coronavirus,61,195,526,
2020-08-17,,VS,,2251,10,6,1,1,314,154,https://www.vs.ch/de/web/coronavirus,63,241,525,
2020-08-18,,VS,,2261,10,7,1,1,314,154,https://www.vs.ch/de/web/coronavirus,65,258,486,
2020-08-19,,VS,,2265,4,6,1,1,315,154,https://www.vs.ch/de/web/coronavirus,62,274,458,
2020-08-20,,VS,,2272,7,8,1,1,315,154,https://www.vs.ch/de/web/coronavirus,60,284,450,
2020-08-21,,VS,,2290,18,8,1,1,316,154,https://www.vs.ch/de/web/coronavirus,69,278,467,
2020-08-22,,VS,,2301,11,8,1,1,316,154,https://www.vs.ch/de/web/coronavirus,65,285,482,
2020-08-23,,VS,,2304,3,7,1,1,317,154,https://www.vs.ch/de/web/coronavirus,68,360,469,
2020-08-24,,VS,,2320,16,6,1,1,318,154,https://www.vs.ch/de/web/coronavirus,69,365,432,
2020-08-25,,VS,,2333,13,5,1,1,319,154,https://www.vs.ch/de/web/coronavirus,84,372,386,
2020-08-26,,VS,,2345,12,4,1,1,320,154,https://www.vs.ch/de/web/coronavirus,87,413,334,
2020-08-27,,VS,,2353,8,3,0,0,320,155,https://www.vs.ch/de/web/coronavirus,87,433,343,
2020-08-28,,VS,,2366,13,3,0,0,320,155,https://www.vs.ch/de/web/coronavirus,92,459,362,
2020-08-29,,VS,,2368,2,3,0,0,320,155,https://www.vs.ch/de/web/coronavirus,87,445,373,
2020-08-30,,VS,,2368,0,3,0,0,320,155,https://www.vs.ch/de/web/coronavirus,85,426,389,
2020-08-31,,VS,,2374,6,3,0,0,320,155,https://www.vs.ch/de/web/coronavirus,76,357,356,
2020-09-01,,VS,,2388,14,3,0,0,320,155,https://www.vs.ch/de/web/coronavirus,80,316,347,
2020-09-02,,VS,,2400,12,3,0,0,320,155,https://www.vs.ch/de/web/coronavirus,78,296,325,
2020-09-03,,VS,,2417,17,3,0,0,320,155,https://www.vs.ch/de/web/coronavirus,74,260,322,
2020-09-04,,VS,,2429,12,3,0,0,320,155,https://www.vs.ch/de/web/coronavirus,73,222,330,
2020-09-05,,VS,,2438,9,3,0,0,320,155,https://www.vs.ch/de/web/coronavirus,68,232,327,
2020-09-06,,VS,,2440,2,3,0,0,320,155,https://www.vs.ch/de/web/coronavirus,67,241,311,
2020-09-07,,VS,,2449,9,4,0,0,320,155,https://www.vs.ch/de/web/coronavirus,79,212,293,
2020-09-08,,VS,,2459,10,6,0,0,320,155,https://www.vs.ch/de/web/coronavirus,85,213,266,
2020-09-09,,VS,,2466,7,4,0,0,321,156,https://www.vs.ch/de/web/coronavirus,87,224,234,
2020-09-10,,VS,,2478,12,4,0,0,321,156,https://www.vs.ch/de/web/coronavirus,91,212,285,
2020-09-11,,VS,,2487,9,4,0,0,321,156,https://www.vs.ch/de/web/coronavirus,86,226,264,
2020-09-12,,VS,,2498,11,7,0,0,321,156,https://www.vs.ch/de/web/coronavirus,78,233,278,
2020-09-13,,VS,,2505,7,7,0,0,321,156,https://www.vs.ch/de/web/coronavirus,76,257,286,
2020-09-14,,VS,,2524,19,8,0,0,321,156,https://www.vs.ch/de/web/coronavirus,88,296,298,
2020-09-15,,VS,,2534,10,7,0,0,322,156,https://www.vs.ch/de/web/coronavirus,87,290,306,
2020-09-16,,VS,,2556,22,7,0,0,322,156,https://www.vs.ch/de/web/coronavirus,99,332,330,
2020-09-17,,VS,,2578,22,5,0,0,324,156,https://www.vs.ch/de/web/coronavirus,103,386,339,
2020-09-18,,VS,,2590,12,5,0,0,325,156,https://www.vs.ch/de/web/coronavirus,119,409,379,
2020-09-19,,VS,,2595,5,6,0,0,325,156,https://www.vs.ch/de/web/coronavirus,111,428,428,
2020-09-20,,VS,,2601,6,6,0,0,325,156,https://www.vs.ch/de/web/coronavirus,106,422,438,
2020-09-21,,VS,,2617,16,6,0,0,325,156,https://www.vs.ch/de/web/coronavirus,114,387,461,
2020-09-22,,VS,,2635,18,6,0,0,326,156,https://www.vs.ch/de/web/coronavirus,118,401,448,
2020-09-23,,VS,,2652,17,6,0,0,326,156,https://www.vs.ch/de/web/coronavirus,116,406,439,
2020-09-24,,VS,,2662,10,7,0,0,326,156,https://www.vs.ch/de/web/coronavirus,109,428,475,
2020-09-25,,VS,,2668,6,8,0,0,326,156,https://www.vs.ch/de/web/coronavirus,107,447,480,
2020-09-26,,VS,,2674,6,8,1,0,326,156,https://www.vs.ch/de/web/coronavirus,95,393,519,
2020-09-27,,VS,,2678,4,8,1,0,326,156,https://www.vs.ch/de/web/coronavirus,95,350,534,
2020-09-28,,VS,,2699,21,7,1,1,327,156,https://www.vs.ch/de/web/coronavirus,83,311,572,
2020-09-29,,VS,,2718,19,8,1,1,328,156,https://www.vs.ch/de/web/coronavirus,101,304,573,
2020-09-30,,VS,,2738,20,8,1,1,328,156,https://www.vs.ch/de/web/coronavirus,109,287,564,
2020-10-01,,VS,,2760,22,9,1,1,328,156,https://www.vs.ch/de/web/coronavirus,131,371,569,
2020-10-02,,VS,,2785,25,9,1,1,328,156,https://www.vs.ch/de/web/coronavirus,130,399,560,
2020-10-03,,VS,,2799,14,9,1,1,328,156,https://www.vs.ch/de/web/coronavirus,131,405,,
2020-10-04,,VS,,2810,11,10,1,1,328,156,https://www.vs.ch/de/web/coronavirus,137,452,,
2020-10-05,,VS,,2810,0,10,1,1,328,156,https://www.vs.ch/de/web/coronavirus,128,421,,
